0000910627
0001039778
0000351483
0001860805
nan
0000352281
0000315428
0001548592
0001391594
0001303523
0000715095
0000756894
0001416436
0000718940
0000225090
0000013522
0001144906
0000868675
0000756620
0001173382
0000744473
0000718053
0000016754
0001202643
0000016868
0000725897
0001299951
0000819817
0000701544
0000737572
0000315126
0000717826
0000903657
0000800365
0001131399
0000047710
0001563377
0000049906
0000722811
0000904962
0000016859
0000056594
0000060731
0001176276
0001081862
0000749098
0001135023
0000063271
0000867526
0000072127
0001303147
0000769594
0000889211
0000922960
0000353278
0000753058
0000749037
0001559149
0000710217
0000764485
0000313216
0001706089
0000081465
0001056084
0000723303
0000703914
0000733099
0001010401
0001196733
0000313838
0000203383
0000098573
0001608109
0000217410
0000802100
0000753762
0000777504
0001550910
0001336762
0000774740
0000801667
0000900268
0001306965
0001650107
0000801354
0001651444
0001505706
0000811809
0001689437
0000807198
0000793586
0000766011
0001884735
0000814052
0001560968
0000886977
0001012881
0001073293
0001718130
0001203748
0000856378
0001225525
0001036652
0000878334
0001057698
0000796220
0000808439
0000791440
0000908931
0000877365
0000937226
0001402388
0000932872
0001512090
0001144800
0001261313
0000824046
0001651347
0000806968
0000813811
0000813810
0000829365
0000825777
0001295721
0001145047
0000919239
0001602397
0000016615
0000808464
0000842021
0000839435
0000901576
0000003124
0000849314
0000840518
0000831002
0000801973
0001075124
0001553467
0001092522
0001562905
0000854088
0001726685
0001412354
0000800921
0000838877
0001786909
0001717557
0001048515
0001579062
0001523836
0001591619
0001067318
0001172724
0001690646
0001003811
0000835403
0000800901
0001582581
0001587205
0001576789
0001418167
0000833972
0000773753
0000948642
0000846732
0001724641
0001135644
0001642271
0001806605
0000863064
0001026291
0000880419
0001595949
0001973832
0001309167
0001593984
0000913955
0000858446
0001606493
0001979636
0000857471
0001598399
0001698643
0000889329
0000908262
0000890859
0000939897
0000824811
0001219206
0000883261
0001606457
0001226185
0001123324
0001095744
0000771992
0001088166
0001334388
0001013605
0000904121
0001023996
0001223165
0000910641
0000857539
0001611892
0001609653
0001612940
0001620737
0001608390
0001061574
0001718420
0000896103
0000843405
0001623241
0001683541
0001610590
0000863614
0001494037
0000748213
0001625791
0000854499
0000924613
0001729993
0001642048
0001630301
0001254864
0001009001
0001142746
0000928810
0000897455
0001667280
0001003565
0001602842
0000880224
0000883326
0000882616
0000885012
0001622668
0001442222
0000883230
0001003470
0001163560
0000876779
0000726603
0001650264
0000887997
0000884455
0001159987
0000889131
0000888295
0000888721
0000915594
0001450598
0001010473
0001004530
0001004701
0000940947
0001080784
0001200525
0001169357
0001164099
0001631761
0000918608
0001060012
0001639877
0001534320
0001041548
0000911586
0001659494
0000932145
0000885540
0001671534
0001702911
0001345564
0000912500
0001524999
0001477474
0001872138
0000919461
0000895457
0000897322
0000900391
0000901832
0000902053
0000899296
0000943946
0000891426
0000895649
0000893821
0000885740
0001454797
0000898685
0000896195
0000906526
0000908732
0001596369
0001005887
0000919548
0001453015
0001419089
0000910631
0001333849
0000909037
0001904856
0000911364
0001335878
0001279495
0000932470
0000912151
0000943316
0001065331
0001512717
0001394832
0001683825
0001685872
0001681348
0000917333
0001011694
0001650779
0001304277
0000913596
0000912892
0001000048
0001566256
0001082433
0000912958
0001293135
0001605975
0000919642
0001829948
0001687757
0001715925
0000925262
0000906338
0001690511
0001689662
0000894770
0001690947
0000930242
0001517396
0000928422
0001025863
0001867834
0001047693
0000932793
0000932787
0001098506
0000928876
0001705402
0000932695
0001173658
0001967241
0000891389
0001513842
0001706972
0001703141
0001708441
0001692705
0001713930
0000802101
0001714368
0001764790
0001639920
0001723690
0001648315
0001735618
0001737450
0001737339
0001656081
0001744780
0001750690
0001734520
0001757158
0001696396
0001641777
0001811942
0001823306
0001756708
0001761157
0001833096
0001767582
0001771007
0001904395
0001766600
0001757143
0001829959
0001792030
0001810031
0001869858
0001796898
0001795251
0001805012
0001799983
0001855612
0001807192
0001862461
0001917076
0001922097
0001685428
0001874474
0001824814
0001632887
0001843586
0001838957
0001840706
0001845097
0001836470
0001927719
0001709048
0001868995
0001881172
0001861737
0001957132
0000918387
0000946936
0000936130
0001305591
0000937966
0000922257
0000318291
0001001474
0000920532
0000096890
0001002242
0001859382
0000926331
0000355590
0001003196
0001003935
0001003471
0001003518
0000854862
0001049984
0001111496
0001203464
0001708504
0001008595
0000946394
0001102707
0000920214
0001005516
0001014622
0001962738
0001010418
0001208463
0001284519
0001158041
0001010134
0001016118
0001216210
0001015820
0001011664
0001015920
0001016837
0001203589
0000895564
0001113423
0000934851
0001038572
0001024519
0001468091
0001017137
0001021991
0001026658
0001503812
0001162444
0001395857
0001026733
0001024672
0001013690
0000311407
0001110077
0001455129
0001081825
0001130583
0001722214
0001499162
0000877691
0001016275
0001441412
0001041073
0000934801
0000052530
0001039213
0001041934
0001000897
0001690808
0001108828
0001331206
0001027664
0001123870
0001016838
0001044863
0001018350
0001177650
0001044119
0001578010
0001210959
0001057791
0001048420
0001040863
0000063789
0001053143
0001696554
0001045359
0001049258
0001049253
0001050504
0001671116
0001953021
0001050140
0001036141
0001472557
0001629632
0001300050
0001182802
0001100427
0001144145
0000930157
0001049724
0000753296
0001158838
0001130498
0000948406
0001159152
0000938323
0001336216
0001214837
0001136808
0000948634
0000806914
0000800840
0001395064
0000839772
0000801687
0000930309
0000947430
0000939380
0001107458
0001557334
0001121404
0001107470
0001605484
0001050952
0001114448
0000845982
0000886125
0000861967
0001110452
0001013557
0001089642
0001116547
0001655891
0001117399
0001169715
0001023514
0001013626
0001072483
0000922486
0000881581
0001037962
0000875221
0000937293
0001003467
0001000184
0000875809
0001088753
0000851616
0001076378
0001408423
0001028277
0000943655
0001048295
0001171264
0001713443
0001773567
0000827066
0001680765
0001803800
0001177439
0001087477
0001142229
0001316098
0001071672
0001871688
0001297450
0001753368
0001092840
0000923883
0001312572
0001277866
0001118532
0001010850
0001440499
0001474231
0001111588
0001177470
0000807014
0002014438
0001130755
0001590028
0000810926
0001115826
0001676988
0001832201
0001056910
0001056259
0001169687
0001622240
0001102708
0001042018
0001308648
0001271942
0001433912
0001370416
0001286799
0001057997
0001052124
0001060955
0001061894
0001051357
0001062579
0001062814
0001725969
0001018117
0001064531
0001059024
0001088393
0001675845
0001094017
0001075880
0001529892
0001474305
0001079171
0001077618
0001111863
0000898444
0001085763
0001076770
0001437598
0001204413
0001090159
0001100868
0001178819
0001094316
0001497350
0001094972
0001093549
0001091599
0001095409
0001095747
0001095442
0001096197
0001080259
0001097636
0001283950
0001643858
0001065677
0001081856
0001518419
0001359514
0001662994
0001083652
0001286973
0000715031
0001464772
0001102957
0001106934
0001107692
0001130645
0001107457
0001108034
0001106714
0001108332
0001071058
0001109138
0001109678
0001108329
0001109345
0001094036
0001091212
0001103544
0001113529
0001103783
0001259942
0001116284
0001117064
0001102384
0001734107
0001432474
0001119769
0001095348
0001121850
0001239197
0001119744
0001854017
0001123455
0001358297
0001490658
0001321841
0001614675
0001123671
0001124843
0001126136
0001119985
0001126659
0001844450
0001662058
0001123713
0001127051
0001093596
0000750443
0001128749
0001605308
0001454263
0001639554
0001399250
0001095052
0001205643
0001704509
0001344532
0001417821
0001562180
0001399708
0001761181
0001444723
0001377757
0001157808
0001030561
0001158113
0001545851
0001491594
0001159512
0001162586
0001296392
0001166718
0001387457
0001005388
0001403749
0001221715
0001637512
0001081878
0001483393
0001158672
0001178347
0001165271
0001588823
0001058970
0001190723
0001209807
0001178882
0001214299
0001177293
0001557261
0001324503
0001564538
0001085105
0001402071
0001122080
0001284992
0001647371
0001359950
0001284823
0001351306
0001308833
0001679764
0001479013
0001294435
0001015527
0000753365
0001748797
0001669405
0001316691
0001777765
0001486245
0001667415
0001322587
0001314755
0001685903
0001730719
0001002819
0001382498
0001330017
0002025583
0001715462
0001044487
0001173503
0001502650
0001321851
0001400917
0001179821
0001875931
0001354901
0001265011
0001338940
0001697006
0001173293
0001285170
0001406052
0001364128
0001344708
0001286565
0001542028
0001504379
0001542731
0001544175
0001062781
0001496825
0001364125
0001490186
0001073806
0001846839
0001574239
0001365767
0001122133
0001421371
0001421642
0001382158
0001371541
0001665562
0001375092
0001795753
0001401096
0001178946
0001365742
0001747661
0001950723
0001473505
0001448397
0001402606
0001489161
0001488158
0001415911
0001423556
0001411011
0001175784
0001621373
0001514341
0001402948
0000840551
0001512920
0001474248
0001826836
0001477081
0001612932
0001352154
0001489147
0001356452
0001487519
0001415841
0001767287
0001734768
0001551146
0001474940
0001474952
0001436547
0001477324
0001488627
0001514363
0001489057
0001688318
0001493639
0001386885
0001505817
0001492261
0001497677
0001502916
0001499360
0001508478
0001654714
0001519407
0001519622
0001521221
0001483736
0001515805
0001535652
0001527246
0001518154
0001796177
0001417139
0001533349
0001549107
0000877799
0001565025
0001023512
0001439124
0001096200
0001178551
0001015650
0000926042
0001160846
0001123799
0001046247
0001122491
0001045986
0001015111
0000842519
0000109520
0000928366
0000930543
0001947542
0001091587
0001008136
0000946678
0001004315
0001100790
0001072670
0001333141
0001355444
0001035497
0001578526
0001089496
0001062066
0000941221
0001047716
0001140625
0001619489
0001037333
0001038143
0001111492
0001558633
0000946770
0001158967
0001119639
0001661215
0001066119
0001135951
0001081022
0001108517
0001080063
0001412558
0001116581
0001125276
0001117629
0001123661
0001668717
0001380180
0001444331
0001166834
0001301357
0001113306
0001279400
0001270532
0001358575
0001322232
0001368358
0001776967
0001383728
0001359711
0001438569
0001718903
0001384180
0001627281
0001714921
0001757064
0001550935
0001409979
0001607245
0001447382
0001528903
0001560186
0001512081
0001575969
0001651717
0001849396
0001643918
0001715497
0001756594
0001762506
0001764791
0001841675
0001900304
